ISS (ZARYA)             
1 25544U 98067A   24362.49453935  .00025652  00000+0  45083-3 0  9991
2 25544  51.6383  77.6130 0005797  11.6555 348.4567 15.50310083488534
CSS (TIANHE)            
1 48274U 21035A   24362.42579736  .00034074  00000+0  40280-3 0  9990
2 48274  41.4680 345.6038 0002092 254.1324 105.9284 15.60585857209317
ISS (NAUKA)             
1 49044U 21066A   24361.72100155  .00025292  00000+0  44526-3 0  9996
2 49044  51.6378  81.4466 0005783   8.5494 351.5592 15.50270151194163
FREGAT DEB              
1 49271U 11037PF  24362.14465362  .00037118  00000+0  77617-1 0  9991
2 49271  51.6516 150.2597 0941023 175.2455 185.8147 12.24908122158779
CSS (WENTIAN)           
1 53239U 22085A   24361.91383173  .00037065  00000+0  43826-3 0  9996
2 53239  41.4680 348.7182 0002101 253.7062 106.3546 15.60549333138038
CSS (MENGTIAN)          
1 54216U 22143A   24361.91383173  .00037065  00000+0  43826-3 0  9997
2 54216  41.4680 348.7182 0002101 253.7062 106.3546 15.60549333121890
CYGNUS NG-21            
1 60378U 24139A   24361.72100155  .00025292  00000+0  44526-3 0  9993
2 60378  51.6378  81.4466 0005783   8.5494 351.5592 15.50270151 22087
PROGRESS-MS 28          
1 60450U 24145A   24361.72100155  .00025292  00000+0  44526-3 0  9991
2 60450  51.6378  81.4466 0005783   8.5494 351.5592 15.50270151 20536
SOYUZ-MS 26             
1 61043U 24162A   24361.72100155  .00025292  00000+0  44526-3 0  9999
2 61043  51.6378  81.4466 0005783   8.5494 351.5592 15.50270151487330
CREW DRAGON 9           
1 61447U 24178A   24361.72100155  .00025292  00000+0  44526-3 0  9994
2 61447  51.6378  81.4466 0005783   8.5494 351.5592 15.50270151 12736
CYSAT-1                 
1 61501U 98067WZ  24362.47731525  .00664450  18485-3  20975-2 0  9993
2 61501  51.6259  68.4265 0014793   2.2413 357.8656 15.90532544 12584
SHENZHOU-19 (SZ-19)     
1 61683U 24194A   24361.91383173  .00037065  00000+0  43826-3 0  9991
2 61683  41.4680 348.7182 0002101 253.7062 106.3546 15.60549333208858
TIANZHOU-8              
1 61983U 24211A   24361.40185343  .00034909  00000+0  41367-3 0  9999
2 61983  41.4680 351.8330 0002072 253.3092 106.7520 15.60513928209158
PROGRESS-MS 29          
1 62030U 24215A   24361.72100155  .00025292  00000+0  44526-3 0  9995
2 62030  51.6378  81.4466 0005783   8.5494 351.5592 15.50270151  5108
2024-013E               
1 62056U 24013E   24362.04886968  .00127663  00000+0  96611-3 0  9995
2 62056  41.4695 345.2783 0008656 170.2881 189.8130 15.71168616  7081
YODAKA                  
1 62295U 98067XB  24362.46162018  .00165787  00000+0  22748-2 0  9997
2 62295  51.6369  77.3937 0013981  28.2110 331.9636 15.56154706  2832
1998-067XC              
1 62296U 98067XC  24361.50422778  .00106658  00000+0  15840-2 0  9991
2 62296  51.6377  82.2505 0013004  17.5625 342.5813 15.54261189  2664
1998-067XD              
1 62297U 98067XD  24361.69344164  .00150840  00000+0  21459-2 0  9999
2 62297  51.6374  81.2638 0013731  19.2695 340.8813 15.55237390  2693
YOMOGI                  
1 62298U 98067XE  24362.40445286  .00105559  00000+0  15560-2 0  9990
2 62298  51.6378  77.7631 0013146  21.5919 338.5623 15.54468565  2801
ONGLAISAT               
1 62299U 98067XF  24362.46688066  .00156424  00000+0  22155-2 0  9997
2 62299  51.6373  77.4301 0012350  23.9207 336.2356 15.55356297  2795
ISS DEB                 
1 62376U 98067XG  24355.54825655  .00120161  00000+0  19875-2 0  9995
2 62376  51.6380 112.0309 0009033 351.1986  96.3321 15.51263018   122
